0.297129
0.889129
1.437129
2.003129
2.561129
3.154129
3.701129
4.267129
4.816129
5.409129
5.956129
6.523129
7.084129
7.677129
8.224129
8.791129
9.340129
9.933129
10.480129
11.047129
11.608129
12.201129
12.748129
13.315129
13.863129
14.456129
15.003129
15.570129
16.131129
16.724129
17.271129
17.838129
18.387129
18.980129
19.527129
20.094129
20.655129
21.248129
21.795129
22.362129
22.924129
23.517129
24.064129
24.631129
25.192129
25.785129
26.332129
26.899129
27.448129
28.041129
28.588129
29.155129
29.716129
30.309129
30.856129
31.423129
31.971129
32.564129
33.111129
33.678129
34.239129
34.832129
35.379129
35.946129
36.506129
37.099129
37.646129
38.213129
38.774129
39.367129
39.914129
40.481129
41.029129
41.622129
42.169129
42.736129
43.297129
43.890129
44.437129
45.004129
45.553129
46.146129
46.693129
47.260129
47.821129
48.414129
48.961129
49.528129
50.092129
50.685129
51.232129
51.799129
52.360129
52.953129
53.500129
54.067129
54.616129
55.208129
55.756129
56.322129
56.896129
57.488129
58.036129
58.602129
59.165129
59.758129
60.305129
60.872129
61.433129
62.026129
62.573129
63.140129
63.689129
64.282129
64.829129
65.395129
65.957129
66.550129
67.097129
67.663129
68.212129
68.805129
69.352129
69.919129
70.480129
71.073129
71.620129
72.187129
72.747129
73.339129
73.887129
74.453129
75.015129
75.607129
76.155129
76.721129
77.270129
77.863129
78.410129
78.977129
79.538129
80.131129
80.678129
81.245129
81.794129
82.387129
82.934129
83.500129
84.066129
84.659129
85.206129
85.773129
86.322129
86.915129
87.462129
88.029129
88.590129
89.183129
89.730129
90.297129
90.845129
91.438129
91.985129
92.552129
93.113129
93.706129
94.253129
94.820129
95.383129
95.976129
96.523129
97.090129
97.651129
98.244129
98.791129
99.358129
99.906129
100.499129
101.046129
101.613129
102.174129
102.767129
103.314129
103.881129
104.430129
105.023129
105.570129
106.137129
106.698129
107.291129
107.838129
108.405129
108.964129
109.557129
110.104129
110.671129
111.232129
111.825129
112.372129
112.939129
113.488129
114.081129
114.628129
115.195129
115.756129
116.349129
116.896129
117.463129
118.011129
118.604129
119.162129
119.729129
120.290129
120.883129
121.430129
121.997129
122.562129
123.155129
123.702129
124.268129
124.830129
125.423129
125.970129
126.536129
127.085129
127.678129
128.225129
128.792129
129.365129
129.958129
130.505129
131.072129
131.635129
132.228129
132.775129
133.342129
133.903129
134.496129
135.043129
135.610129
136.158129
136.751129
137.298129
137.865129
138.426129
139.019129
139.566129
140.133129
140.682129
141.275129
141.822129
142.389129
142.950129
143.543129
144.090129
144.657129
145.216129
145.809129
146.356129
146.923129
147.484129
148.077129
148.624129
149.191129
149.740129
150.333129
150.880129
151.447129
152.008129
152.601129
153.148129
153.715129
154.263129
154.856129
155.403129
155.970129
156.536129
157.129129
157.676129
158.243129
158.792129
159.384129
159.931129
160.498129
161.059129
161.652129
162.199129
162.766129
163.315129
163.908129
164.455129
165.022129
165.583129
166.176129
166.723129
167.290129
167.853129
168.445129
168.992129
169.559129
170.121129
170.713129
171.260129
171.827129
172.376129
172.969129
173.516129
174.083129
174.644129
175.237129
175.784129
176.351129
176.900129
177.492129
178.039129
178.606129
179.168129
179.760129
180.307129
180.874129
181.434129
182.027129
182.574129
183.141129
183.702129
184.295129
184.842129
185.409129
185.958129
186.550129
187.097129
187.664129
188.225129
188.818129
189.365129
189.932129
190.481129
191.074129
191.632129
192.199129
192.760129
193.353129
193.900129
194.467129
195.031129
195.624129
196.171129
196.738129
197.299129
197.892129
198.439129
199.006129
199.538129
200.131129
200.678129
201.245129
201.818129
202.411129
202.958129
203.525129
204.088129
204.681129
205.228129
205.795129
206.356129
206.949129
207.496129
208.063129
208.611129
209.204129
209.751129
210.318129
210.879129
211.472129
212.019129
212.586129
213.135129
213.728129
214.275129
214.842129
215.403129
215.996129
216.543129
217.110129
217.669129